title|media|date|desc
Com paralisação de poços, produção de petróleo no CE desaba 85%|Diario do Nordeste|01/02/2021|"A Petrobras quer se desfazer desses ativos e as empresas privadas estão  esperando o momento mais oportuno para fazerem a compra"", diz Bruno  Iughetti consultor..."
Tarcísio nega conflito com caminhoneiros e diz que movimento de greve será mínimo|CNN Brasil|01/02/2021|É isso que eu falo no áudio”, disse o ministro. Na última semana, o  presidente Jair Bolsonaro disse que foi “em cima da Petrobras” para tentar  reduzir o preço,...
PP pode romper hegemonia de DEM, MDB e PT na presidência da Câmara|Diário do Poder|01/02/2021|Moro acha 'risível' PT culpar juiz e não o ladrão por prejuízo na Petrobras  ... Moro acha 'risível' PT culpar juiz e não o ladrão por prejuízo na  Petrobras.
Eleições no Congresso: entenda como será o esquema de votação|Exame|01/02/2021|Parlamentares propõem suspensão de reajuste de 15,5% em planos de saúde.  Teto do ICMS e demissão na Petrobras são destaques da semana. Brasil.
Palmeiras: vitória de técnico português impulsiona legião estrangeira no Brasil|CNN Brasil|01/02/2021|Pressão sob Petrobras não muda com PEC; intenção do governo é seguir com  trocas na estatal · Justiça de SP condena Bolsonaro por dano moral a  jornalistas em...
Presidente de CPI recebe R$ 40 mi de verba extra|Exame|01/02/2021|Teto do ICMS e demissão na Petrobras são destaques da semana. Por mudança  no ICMS, governo diz que estados estão com cofres cheios. Brasil.
Maior projeto de pontes da história de MS muda realidade em ...|Governo de Mato Grosso do Sul|01/02/2021|A Petrobras retomou ontem (31) por meio de oportunidade de negócio (teaser)  a venda da Unidade de Fertlizantes Nitrogenados III em Três Lagoas (UFN3).  Para a...
Governo federal entra em disputa por água de cervejaria na ...|Amazonas Atual|01/02/2021|Sinais de Lula para economia são péssimos, afirma banqueiro · 4 de junho de  2022 · Petrobras deixa diesel mais caro e litro custará R$ 4,91 nas  refinarias.
O bê-á-bá do chavismo|VEJA|01/02/2021|TCU intima diretor da Petrobras nomeado por Lula a devolver R$ 975 milhões.  Mais lidas. 1. Política. O estado onde Lula está tomando de goleada de  Bolsonaro.
Eneva vence 3R Petroleum na disputa pelo Polo Urucu da ...|EPBR|02/02/2021|A Petrobras já comunicou a Eneva sobre o resultado, com o convite para  início das negociações diretas para o contrato de venda dos campos.
Petrobras anuncia venda de Polo Peroá à 3R Petroleum e DBO Energia por US$ 55 mi|Valor Econômico|02/02/2021|A Petrobras informou que assinou o contrato de venda da totalidade de suas  participações nos campos de produção de Peroá e Cangoá, e na concessão de...
Petrobras descobre hidrocarboneto em poço no pré-sal da ...|Portos e Navios|02/02/2021|A Petrobras identificou a presença de hidrocarboneto em poço pioneiro do  bloco C-M-411, localizado no pré-sal da Bacia de Campos, no Estado do Rio  de...
Na Petrobras, diferença entre o maior e o menor salário chega a 6.932%|Blog do Correio Braziliense|02/02/2021|A pasta chefiada por Paulo Guedes, que, passados dois anos do governo de  Jair Bolsonaro, ainda não conseguiu privatizar nenhuma estatal, aponta que  a Petrobras...
Petrobras anuncia reabertura de licitação para venda do terminal de GNL da Bahia|CPG Click Petroleo e Gas|02/02/2021|Petrobras abriu o primeiro processo de arrendamento do Terminal de  Regaseificação de GNL da Bahia e seu gasoduto integrante no final de 2019.
Venda de botijão de gás pela metade do preço causa grande fila em Salvador|G1|02/02/2021|Venda é uma ação do Sindicato dos Petroleiros da Bahia (Sindipetro-BA), em  protesto contra a politica de preços da Petrobras. Na ação, 200 botijões de  gás foram...
Petrobras informa morte de colaborador em acidente ocorrido ontem (31/01), no FPSO Cidade de Mangaratiba|Click Petróleo e Gás|02/02/2021|Trabalhador morre em acidente durante uma atividade de inspeção no FPSO da  Petrobras, o Cidade Mangaratiba, atualmente afretado pela japonesa Modec.
Greve dos Caminhoneiros: Veja como estão as estradas na manhã desta segunda (1º) pelo Brasil|Tv Jornal|02/02/2021|Relatório da Petrobrás. A reportagem do Sistema Jornal do Commercio de  Comunicação teve acesso a um relatório produzido pelo núcleo de  Inteligência e Segurança...
Mesmo dividida, classe de caminhoneiros cruzará os braços|Correio Braziliense|02/02/2021|A Petrobras não será mais vilã. Em função da política independente de  preços da Petrobras, sem interferência do governo, seguindo preços de  paridade...
Em diálogo, Moro repreende Dallagnol após MPF recorrer de ...|Consultor Jurídico|02/02/2021|O caso envolvia o engenheiro Mário Góes, apontado como operador de propinas  em um esquema de corrupção na Petrobras; Pedro Barusco, ex-gerente  executivo da...
Petrobras registra em 2020 melhor desempenho operacional desde 2015|Agência Brasil|03/02/2021|Petrobras teve seu melhor desempenho operacional em 2020, com recordes de  produção anual, com 2,28 milhões de barris diários (MMbpb) de petróleo e  LGN...
Exportação de petróleo da Petrobras cresce 33% e bate recorde de 713 mil barris/dia em 2020|Valor Investe|03/02/2021|Exportação de petróleo da Petrobras cresce 33% e bate recorde de 713 mil  barris/dia em 2020. Ao todo, a estatal produziu, em média, 2,266 milhões de  barris/dia...
Produção de derivados da Petrobras cresce e exportação bate recorde em 2020|Valor Econômico|03/02/2021|A Petrobras bateu recorde de exportação de petróleo em 2020. Ao todo, a  companhia vendeu, no exterior, em média, 713 mil barris diários, o que  representa uma...
Petrobras recebe propostas para construção da P-78 e da P-79|Portos e Navios|03/02/2021|A Petrobras recebeu nesta segunda-feira (01) as propostas comerciais das  empresas pré-qualificadas para a licitação de construção das plataformas  P-78 e...
Petrobras mira cerca de R$ 26 por ação para vender fatia na ...|Money Times|03/02/2021|A Petrobras (PETR3;PETR4) está considerando vender sua fatia remanescente  na BR Distribuidora (BRDT3) se a ação da companhia atingir 26 reais,  disseram três...
3R Petroleum faz sexta aquisição de campos maduros da Petrobras|Valor Econômico|03/02/2021|A 3R Petroleum, em sociedade com a DBO Energia, assinou um contrato com a  Petrobras, no valor de US$ 55 milhões, para a aquisição dos campos de gás  natural...
Cade libera Petrobras a comprar participação da Total em 5 ...|ISTOÉ DINHEIRO|03/02/2021|O Conselho Administrativo de Defesa Econômica (Cade) autorizou a Petrobras  a assumir a participação de 40% da Total em cinco blocos para exploração de  óleo...
Petrobras amplia prazos de pagamento a grandes fornecedores|Portos e Navios|03/02/2021|A Petrobras mudou algumas condições nos novos contratos com grandes  fornecedores de bens e serviços e passou a trabalhar, desde o fim do ano  passado,...
CVM absolve ex-conselheiros de administração da Petrobras (PETR4)|EuQueroInvestir|03/02/2021|A Comissão de Valores Mobiliários (CVM) absolveu nesta terça (2) os  ex-conselheiros de administração da Petrobras (PETR4), no julgamento sobre  a política de...
Produção de petróleo no Brasil cresceu 5,5% em 2020|Agência Brasil|03/02/2021|Já no caso do gás natural houve aumento de 0,5% ante novembro e de 7,8% na  comparação com dezembro de 2019. Os campos operados pela Petrobras, com ou  sem...
Bolsonaro diz que pautará privatização da Petrobras em reunião com ministros|Carta Capital|05/02/2021|O presidente Jair Bolsonaro afirmou que pautará a privatização da Petrobras  em reunião na sexta-feira 5 com o presidente da estatal, Roberto Castello  Branco...
Problema com a gasolina de aviação da Petrobras deixa mais de 11 mil aviões no chão|Blogs|05/02/2021|O lote da gasolina irregular foi produzido pela Petrobras na refinaria  Presidente Bernardes, em Cubatão. — Pode-se considerar que os lotes  contaminaram...
Petrobras (PETR3 e PETR4): Safra eleva preço-alvo e projeta ...|E-Investidor|05/02/2021|O Safra reiterou sua recomendação de desempenho acima da média do mercado  para Petrobras (PETR3 e PETR4) e elevou o preço-alvo das ações para para R$  40,...
Keppel faz oferta de R$ 12,5 bilhões para compra de plataforma da Petrobras|Forbes Brasil|05/02/2021|Um consórcio liderado pela Keppel, de Cingapura, ofereceu ontem (3) o menor  valor em licitação da Petrobras para a construção da plataforma P-78,...
Recrutamento e seleção offshore em Macaé para trabalhar em plataformas Petrobras, demanda vagas de emprego hoje (04), pela terceirizada de óleo e gás Engeman|CPG Click Petroleo e Gas|05/02/2021|Cadastro de currículo para atividades em plataformas Petrobras. Veja abaixo  as vagas de emprego offshore Engeman Macaé. Operador de Guindaste:  Experiência...
Os privilégios de funcionários de estatais – e o que o governo ...|Gazeta do Povo|05/02/2021|A Eletrobras, por exemplo, prevê uma gratificação de 75% do salário quando  o trabalhador sai de férias e a Petrobras, de 100%. Os valores dos auxílios  para...
Lava Jato sai de cena sob um Brasil em silêncio|El País|05/02/2021|A força-tarefa Operação Lava Jato do Paraná, criada para apurar as  denúncias de corrupção na Petrobras e que ditou os rumos do país nos  últimos sete anos,...
Visando operação internacional, Monkey Exchange recebe aporte de US$ 6 milhões|Época Negócios|05/02/2021|... transacionou mais de R$ 8 bilhões dentro da sua plataforma e  contabilizou mais de 50 clientes, com empresas como Gerdau e Petrobras no  seu portfólio.
GM Onix inicia 2021 como terminou 2020, no topo da lista dos veículos mais vendidos|Diário do Poder|05/02/2021|Diário do Poder. Lucro abusivo da Petrobras é de meio bilhão por dia ·  Diário do Poder ... Diário do Poder. Dá para alterar a política de usura na  Petrobras.
Flávio Vianna será novo diretor executivo de Exploração e Produção do Instituto Brasileiro de Petróleo e Gás|CPG Click Petroleo e Gas|05/02/2021|Com uma carreira de 37 anos na Petrobras, Vianna iniciou sua atuação na  Bacia de Campos em 1984 e, na abertura do setor em 1997, participou do  primeiro...
Bolsonaro se reúne com ministros e o presidente da Petrobras para discutir preço de combustíveis|G1|06/02/2021|Na semana passada, Petrobras anunciou segundo aumento do ano no preço da  gasolina nas refinarias; diesel também aumentou. Bolsonaro vem buscando,  junto com sua...
CEO da Petrobras diz que governo nunca interferiu política de preços da empresa|Forbes Brasil|06/02/2021|Ao longo de mais de dois anos da administração de Jair Bolsonaro, o governo  federal nunca interferiu em políticas de preços de combustíveis da  Petrobras ou...
Alta de combustível é culpa da Petrobras, e não de estados, dizem secretários de Fazenda|Folha|06/02/2021|Alta de combustível é culpa da Petrobras, e não de estados, dizem  secretários de Fazenda. Representantes dos governos regionais criticam  proposta de Bolsonaro...
Petrobras tem atuado de maneira independente do governo, diz Castello Branco|Correio Braziliense|06/02/2021|O presidente da Petrobras, Roberto Castello Branco, reforçou nesta  sexta-feira, 5, que a estatal tem atuado de maneira independente do  governo,...
Petrobras (PETR4) conclui a venda de ativos no Uruguai|Eu Quero Investir|06/02/2021|A Petrobras (PETR4) informou que sua controlada indireta, Petrobras Uruguay  Sociedad Anónima de Inversión (PUSAI), finalizou hoje a venda de sua...
ANP pede dados à Petrobras sobre lote de gasolina de aviação|CNN Brasil|06/02/2021|A Agência Nacional de Petróleo, Gás Natural e Biocombustíveis (ANP)  informou nesta sexta-feira (5), que pediu esclarecimentos à Petrobras e BR  Distribuidora...
Bolsonaro diz que não vai interferir na Petrobras e ações da estatal saltam|iG Economia|06/02/2021|A fala aconteceu em entrevista coletiva ao lado do presidente da Petrobras,  Roberto Castello Branco , do ministro da Economia, Paulo Guedes , e do  ministro de...
Petrobras (PETR4) inicia fase não-vinculante para venda da TBG e da TSB|EuQueroInvestir|06/02/2021|A Petrobras (PETR4) informou na noite desta sexta-feira (5) o início da  fase não-vinculante referente à venda da totalidade de suas participações  de 51% na...
Ibovespa volta aos 120K, mas Petrobras está presa no Dia da Marmota|Você SA|06/02/2021|O que o mercado ouviu? Lá vem intervenção na Petrobras. Mas oficialmente  não foi o que aconteceu. Bolsonaro tirou da cartola, de novo, a história do  ICMS,...
Petroleiros repudiam exposição de salários em relatório do Ministério da Economia|Valor Investe|06/02/2021|“Por fim, importante frisar que a Petrobras não depende da União para pagar  os salários e benefícios dos seus empregados”, diz a nota.
Petrobras muda cálculo de reajuste de combustíveis e ...|UOL Economia|07/02/2021|O mercado financeiro reagiu mal ao tomar conhecimento ontem de que a  Petrobras poderá demorar até um ano para reajustar os preços dos  combustíveis em suas...
Bolsonaro quer diminuir o impacto do ICMS sobre combustíveis|Correio Braziliense|07/02/2021|A principal reivindicação da categoria é a revisão da política de preços  adotada pela Petrobras sobre o litro do óleo diesel, que segue parâmetros...
Petrobras põe à venda toda participação nos gasodutos Brasil-Bolívia e TSB|Click Petróleo e Gás|07/02/2021|Petrobras informa que a venda dos gasodutos Brasil-Bolívia e TSB está  alinhada à estratégia de otimização de portfólio da companhia. A Petrobras  anunciou em...
Embarcação com tanque de 90 mil metros cúbicos de oxigênio chega a Manaus|G1|07/02/2021|Da capital paraense, o insumo seguiu em uma balsa da Petrobras por via  fluvial em uma viagem que durou oito dias e foi coordenada pela Marinha do  Brasil.
O discreto fim da Operação Lava Jato|Exame|07/02/2021|... rede de propinas pagas por grandes construtoras como a Odebrecht a  políticos de quase todos os partidos, para obter contratos com a estatal  Petrobras.
Deltan Dallagnol admite que prisão é eficiente para forçar ...|Consultor Jurídico|07/02/2021|"Foi escrita em ""chat"" de procuradores no dia 4 de agosto de 2017. A  ""transferência"" a que ele se refere é a de Aldemir Bendine, ex-presidente  da Petrobras e do..."
55% das ações da Vale já estão nas mãos de estrangeiros|Poder360|07/02/2021|... do Banco do Brasil), Funcef (funcionários da Caixa) e Petros (da  Petrobras), também pode vender parte de seus 9,8% de ações da mineradora em  2021.
Conversa de Deltan e Moro mostra troca de informações com ...|Poder360|07/02/2021|Ele atuava como representante no Brasil do estaleiro Keppel Fels, que tinha  contratos com a Petrobras. Foi preso na 23ª fase da Lava Jato, em fevereiro  de...
Empréstimos para MEI da IOUU e Baduk chegam a 2 mil reais|Seu Crédito Digital|07/02/2021|Petrobras e Vale retomam trajetória de alta na Ibovespa · Bolsa Família  passa a ser pago via Caixa Tem para 3,75M de famílias...
ConJur - STF libera inclusão de estatais para privatização ...|Consultor Jurídico|07/02/2021|Desinvestimento ou privatização? Venda de ativos de subsidiárias da  Petrobras não depende do Congresso · Anuário da Justiça. 2019 foi o ano em  que o Supremo...
Petrobras diz que alinhamento de preços ao mercado ...|Poder360|08/02/2021|A Petrobras informou na noite desde domingo (7.fev.2021) que os preços nas  refinarias da empresa continuam alinhados com a cotação do petróleo no  mercado...
Petrobras conclui venda de US$ 68 milhões em ativos no ...|Portos e Navios|08/02/2021|A Petrobras comunicou ao mercado que sua controlada Petrobras Uruguay  Sociedad Anónima de Inversíon (Pusai) finalizou a venda de participação na  Petrobras...
Petrobras deve retomar vendas de combustível de avião após investigação da ANP|CPG Click Petroleo e Gas|08/02/2021|A Petrobras e a BR Distribuidora receberam uma notificação da Agência  Nacional de Petróleo, Gás Natural e Biocombustíveis (ANP), na qual está  relacionada a...
Petrobras vende o restante do Campo de Frade para a PetroRio|CPG Click Petroleo e Gas|08/02/2021|A Petrobras que vinha negociando há quase dois anos a venda do campo de  Frade, emitiu nota nesta sexta-feira (5) que finalmente conseguiu finalizar  a venda...
Gasolina de aviação volta a ser vendida após auditoria da BR Distribuidora|AEROIN|08/02/2021|A BR Distribuidora, criada pela Petrobrás e que hoje tem 37% das ações  dela, retomou, na manhã de hoje (7/2), a comercialização de gasolina de  aviação...
Venda de gasolina ensaia reação, mas fecha 2020 com queda de 10,6% no RS|GZH|08/02/2021|Segundo a Petrobras, tributos de origem federal ou estadual respondem, em  média, por 23% do preço do diesel no Brasil. No caso da gasolina, essa  fatia é de 44%...
A burocracia é o meu inimigo, diz prefeito Jorge Pozzobom|Jornal do Comércio|08/02/2021|10:33:09 Petrobras anuncia novos reajustes para gasolina, diesel e gás de  cozinha. 10:28:06 Bolsonaro determina a Braga Netto articular apoio extra  a...
Banco Modalmais anuncia aquisição da casa de análises Eleven Research|CNN Brasil|08/02/2021|Os acionistas da Eleven passam a integrar o quadro de sócios do Modalmais.  Leia mais. Ações da Petrobras lideram queda, após comunicados e aumento  de...
Leia os diálogos da Lava Jato e conheça os trechos principais|Poder360|08/02/2021|O chefe da força-tarefa também aponta caminhos para convencer a Petrobras a  ... de corrupção na Petrobras, Pedro Barusco, ex-gerente executivo da  estatal,...
Como ganhar dinheiro com a promissora indústria dos podcasts|Seu Dinheiro|08/02/2021|[Empiricus] A ação microcap que pode subir 97% e se dar bem com a venda de  ativos da Petrobras. Gostou deste conteúdo? Siga-nos em nossas redes e...
Petrobras aumenta gasolina em 8,2% e diesel em 6,2%; gás de cozinha sobe 5,1%|CNN Brasil|09/02/2021|A Petrobras anunciou que a partir da meia-noite de terça-feira (9) haverá  aumento nos preços dos três principais combustíveis vendidos pela  companhia:...
Petrobras sobe de novo preço da gasolina; aumento chega a 22% no ano|Exame|09/02/2021|É a terceira vez no ano que a estatal reajusta o preço da gasolina, e a  segunda no valor do litro do diesel. Desde o início do ano, a Petrobras já  elevou em 22%...
Petrobras sobe preços do diesel, gasolina e GLP|G1|09/02/2021|A Petrobras anunciou nesta segunda-feira (8) aumentos dos preços médios de  venda às distribuidores da gasolina, diesel e GLP, que deverá vigorar a  partir de...
Mubadala vence disputa por refinaria da Petrobras na Bahia por US$ 1,65 bilhão|CNN Brasil|09/02/2021|O Mubadala Capital venceu disputa pela Refinaria Landulpho Alves (Rlam), da  Petrobras, na Bahia, com uma oferta de US$ 1,65 bilhão, informou a  petroleira...
Fundo Mubadala vence disputa por refinaria da Petrobras na Bahia com oferta de US$ 1,65 bilhão|G1|09/02/2021|A Petrobras informou nesta segunda-feira (8) que concluiu a rodada final do  processo de venda da Refinaria Landulpho Alves (Rlam), na Bahia, e que a  melhor...
Petrobras vende refinaria e programa negociar mais 7 unidades|Noticias R7|09/02/2021|A Petrobras informou nesta segunda-feira (8) a venda da RLAM (Refinaria  Landulpho Alves), na Bahia. Conforme a estatal, a Mubadala Capital  apresentou a...
Ações da Petrobras lideram queda, após comunicados e aumento de combustíveis|CNN Brasil|09/02/2021|As ações da Petrobras registraram a maior queda entre os papéis do  Ibovespa, nesta segunda-feira (8). Os papéis (PETR4) e (PETR3) recuaram  3,14% e 4,14%,...
Bolsonaro diz não ter influência sobre Petrobras e que não quer ser ditador|Folha|09/02/2021|Daí a Petrobras alega: se não aumentar o diesel, não vamos importar mais,  que vamos importar álcool para vender mais barato. Então, poderia haver...
Bovespa fecha em queda nesta segunda puxada por Petrobras|G1|09/02/2021|O principal índice da bolsa de valores brasileira, a B3, fechou em queda  nesta segunda-feira (8), abaixo dos 120 mil pontos, com a Petrobras entre  as...
Bolsonaro reafirma que Petrobras tem independência para preços|Valor Investe|09/02/2021|O presidente Jair Bolsonaro reafirmou nesta segunda-feira (8) que o governo  federal não controla os preços de combustíveis praticados pela Petrobras.
Petrobras tem autonomia para definir preços de combustíveis, diz conselho|UOL Economia|10/02/2021|O conselho de administração da Petrobras está alinhado com o presidente da  companhia e entende que a política de preços não sofreu alterações e segue  o...
Petrobras reinicia venda de refinaria no Paraná|Portos e Navios|10/02/2021|A Petrobras anunciou que vai reiniciar o processo de venda da Refinaria  Presidente Getúlio Vargas (Repar), no Paraná, após as propostas vinculantes  para...
Petrobras conclui venda da BSBios para RP Participações, por R$ 322 milhões|Valor Econômico|10/02/2021|A Petrobras, por meio da subsidiária Petrobras Biocombustível (PBio),  concluiu nesta terça-feira (9) a venda da totalidade de sua fatia de 50% na  BSBios...
Petrobras volta a pressionar Ibovespa; Sabesp dispara|Notícias RIC Mais|10/02/2021|(Reuters) – O Ibovespa fechou esta terça-feira com queda discreta, com as  ações da Petrobras mais uma vez entre as maiores pressões de baixa,...
Novo aumento eleva preço da gasolina; confira o valor em BH|Estado de Minas|10/02/2021|A Petrobras anunciou mais reajustes de preços dos combustíveis na  refinaria. A partir de hoje, o preço médio de venda da gasolina para as  distribuidoras...
Entra em vigor o segundo aumento do preço do gás de cozinha em 2021|G1|10/02/2021|O reajuste da Petrobras é de 5,1% no preço do GLP. São R$ 0,14 a mais por  quilo. Assim, o botijão de 13 quilos passou de R$ 35,98 para R$ 37,79 nas  refinarias.
Lisauskas: Bolsonaro pouco pode fazer em relação aos preços de combustíveis|CNN Brasil|10/02/2021|... quando faz essa movimentação de se reunir publicamente com o presidente  da Petrobras e de tentar achar culpados – no caso, os governadores quando  diz...
Duratex tem lucro recorde de R$ 301,6 mi no 4º tri; dados de tráfego da Azul, investidores monitoram Petrobras e mais|InfoMoney|10/02/2021|SÃO PAULO – Os investidores seguem acompanhando o noticiário sobre  Petrobras em meio ao cenário mais nebuloso sobre a política de preços da  companhia,...
Gás de cozinha fica mais caro pela quarta vez, a partir desta ...|Tribuna de Jundiaí|10/02/2021|A Petrobras anunciou que, a partir desta sexta-feira (2), o gás de cozinha  (GLP), vai aumentar de preço novamente. Em média, o valor vai crescer R$  0,15.
Brasil irá na contramão do mundo se reduzir imposto sobre diesel, alertam ambientalistas|BBC|10/02/2021|Segundo a Petrobras, na gasolina, o ICMS responde por 29% do preço final e  o PIS/Cofins e a Cide (Contribuição de Intervenção no Domínio Econômico),  por outros...
Preço de venda de refinaria pela Petrobras fica abaixo do esperado e já reflete receio de ingerência|InfoMoney|11/02/2021|Se a Petrobras vende combustível a um valor inferior ao do mercado  internacional, obriga seus concorrentes a fazer o mesmo e pode levá-los a  perder dinheiro com...
MPF denuncia Dirceu, Renato Duque e mais 13 por fraudes ...|Poder360|11/02/2021|O MPF (Ministério Público Federal) denunciou nessa 2ª feira (8.fev.2021) o  ex-ministro da Casa Civil José Dirceu (PT), o ex-diretor de serviços da  Petrobras...
José Dirceu, Renato Duque e mais 13 são denunciados por desvios na Petrobras|CNN Brasil|11/02/2021|O MPF (Ministério Público Federal) denunciou nesta semana o ex-ministro da  Casa Civil, José Dirceu, o ex-diretor de serviços da Petrobras, Renato  Duque,...
MPF denuncia José Dirceu e mais 14 por corrupção na Petrobras|O Globo|11/02/2021|A Petrobras concluiu que as duas empresas fecharam 167 contratos com a  Petrobrás entre outubro de 2004 e setembro de 2015, no total de R$ 6,8  bilhões - e que...
Petrobras completa venda de 50% da BSBios por R$ 322 ...|BiodieselBR.com|11/02/2021|Esse segundo negócio tornou a Petrobras dona de metade do grupo fabricante  de biodiesel. A BSBios é proprietária de duas usinas de biodiesel, no Rio  Grande do...
Preço de refinaria pode cair se Petrobrás sofrer interferência do governo|Economia & Negócios|11/02/2021|RIO - O receio de interferência do governo nos preços dos combustíveis da  Petrobrás pode levar investidores a pagar menos pelas refinarias postas à  venda...
O Assunto #387: Combustíveis - quem é quem nessa briga|G1|11/02/2021|Desde o início do ano, a Petrobras já reajustou duas vezes o preço do  diesel e três o da gasolina. Os caminhoneiros estão insatisfeitos.
Petrobras terceirizará produção em suas plataformas, afirma ...|Monitor do Mercado|11/02/2021|A venda das refinarias da Petrobras tem sido um dos focos da companhia  durante o governo de Jair Bolsonaro. Em abril de 2020, a estratégia de  criar subsidiárias...
Ex-presidente que confiscou poupanças, Collor dá conselhos ...|Brasil de Fato|11/02/2021|A justificativa da Petrobras para o novo reajuste é a de sempre: alta do  dólar e do preço do petróleo no mercado internacional. “Os preços  praticados pela...
Reajuste da Petrobrás: saiba onde é vendida gasolina mais cara do Brasil|Estado de Minas|11/02/2021|Reajuste da Petrobrás: saiba onde é vendida gasolina mais cara do Brasil.  Por causa da alta internacional do petróleo, estatal anunciou nesta semana  aumento nos...
Petrobras (PETR4) Esclarece Processo de Venda da RLAM|The Capital Advisor|12/02/2021|A Petrobras (PETR4) informou nesta quinta-feira (11), através de comunicado  ao mercado, que as datas de assinatura dos contratos de compra e venda e da  sua...
Morre criminalista René Dotti, advogado da Petrobras na ...|Poder360|12/02/2021|Atuava na Lava Jato como assistente de acusação pela Petrobras. Em  Curitiba, Dotti era professor titular de Direito Penal da Universidade  Federal do Paraná.
Preço do botijão de gás sobe e chega a R$ 90 em São Paulo|Agora São Paulo|12/02/2021|A Petrobras anunciou, na última segunda-feira (8), reajuste de 5,05% no GLP  (Gás Liquefeito de Petróleo) vendido em suas refinarias. A alta corresponde  a R$...
Gasolina e diesel sofrem 5 reajustes apenas em 2021 e devem aumentar mais; entenda|Jovem Pan|12/02/2021|Essa especulação fez o valor do petróleo brent — usado como referência para  a Petrobras —, pular de US$ 23 o barril em março de 2020, no auge da crise  gerada...
CBO planeja retomar projeto de IPO e vê boas perspectivas com serviços offshore|Forbes Brasil|12/02/2021|Do início do ano passado até agora, a CBO conquistou 16 novos contratos,  incluindo um de logística integrada com a Petrobras, que prevê a gestão e...
Pedro Serra: Qual o futuro do mercado de óleo e gás no Brasil?|Money Times|12/02/2021|Nesta semana, a Petrobras (PETR3;PETR4) esteve no centro das atenções  devido a sua política de preços. Comentários e notícias sobre se a empresa  modificou...
Construtora portuguesa Mota-Engil fecha contratos de 97 milhões de euros no Brasil, nas áreas de engenharia, construção e petróleo|CPG Click Petroleo e Gas|12/02/2021|Mota-Engil assinou contratos com a mineradora Vale e com a Petrobras para  serviços de manutenção na REDUC no RJ, entre outros projetos no Brasil.
FUP: Petroleiros da Bahia entram em greve após o carnaval|ISTOÉ DINHEIRO|12/02/2021|A FUP se opõe ao programa de venda de ativos da Petrobras e reivindica a  apuração de possíveis irregularidades na definição do valor negociado com o  Mubadala,...
"Jornalistas tiveram participação decisiva na ""lava jato"""|Consultor Jurídico|12/02/2021|O texto foi suprimido no mesmo dia. Nestor Cerveró, ex-diretor da  Petrobras. Prado sugeria ao procurador prisão de pessoas, fornecia  mensagens (e-mails)...
D-Energy aposta na verticalização|Valor Econômico|12/02/2021|“Da mesma forma que falavam que a Petrobras era 'do poço ao posto', a gente  fala que a D-Energy é da 'mina até o poço'”, diz o presidente e sócio da...
Petrobras vs preço dos combustíveis: uma polêmica que ...|Seu Dinheiro|13/02/2021|Petrobras vs preço dos combustíveis: uma polêmica que impacta seu bolso  além da conta no posto. Com o anúncio do aumento no limite da janela de  reajuste dos...
Trabalhadores acusam Petrobras de negligência e ...|Brasil de Fato|13/02/2021|Trabalhadores da Petrobras estão acusando a empresa de negligenciar e  subnotificar casos de covid-19 entre seus profissionais. A despeito da  ausência de...
Ação da Petrobras cai mesmo na alta do petróleo; entenda ...|Monitor do Mercado|13/02/2021|A queda da Petrobras a partir do dia 8 foi muito mais acentuada e a  recuperação mais lenta. grafico petrr4 Variação de preços PETR4. graico  indice petroleo sem...
Governo envia projeto que altera cobrança de ICMS sobre combustíveis|Agência Brasil|13/02/2021|Na composição da gasolina, cerca de 29% é a realização da Petrobras e os  impostos (federais e estaduais) representam cerca de 44% do preço final do  litro. Se a...
Gas Bridge prepara estreia em comercialização e estocagem|Valor Econômico|13/02/2021|Ambos participaram, como consultores, da gestação do Novo Mercado de Gás,  programa do governo que visa a reduzir o domínio da Petrobras no segmento.  Esteban...
Aumento no preço do gás: cobrança abusiva pelo botijão ...|Brasil de Fato|13/02/2021|O anúncio, feito pela Petrobras, também envolve reajustes no valor da  gasolina e do diesel, com um aumento, respectivamente, de 8,2% e 6,2% sobre  o litro...
"Cooperação entre ""lava jato"" e EUA acontecia fora dos canais ..."|Consultor Jurídico|13/02/2021|Na ocasião, MPF e autoridades dos EUA discutiam as investigações sobre a  Petrobras feitas no Brasil e no país norte-americano.
O cabo de guerra do capitão|ISTOÉ DINHEIRO|13/02/2021|Na terça-feira (2) as ações da Petrobrás (PETR3;PETR4) subiram 4,1% com a  ... RUÍDOS Enquanto o presidente da Petrobras, Roberto Castello Branco,...
Ministro impede MP de “carimbar” valores de acordos e condenações|Partido dos Trabalhadores|13/02/2021|O que motivou ação do PT e do PDT junto ao STF foi o absurdo acordo  firmando entre a Petrobrás e a Força-Tarefa da Lava Jato em Curitiba, que  pretendia...
Após reajustes, preço da gasolina chega a R$ 5,39 em postos de Brasília|G1|13/02/2021|O litro da gasolina ultrapassou a marca do R$ 5 no Distrito Federal, após o  reajuste da Petrobras, no último dia 8 de fevereiro. Em um posto no Setor  de...
Preço do gás de cozinha sufoca o orçamento|Estado de Minas|14/02/2021|O preço do gás de cozinha (GLP) foi reajustado em 5,05% nas refinarias das  Petrobras na última terça-feira e o aumento já chegou às revendas do  produto em...
Aposentadoria: novas regras da Previdência em vigor em 2021|Gazeta do Povo|14/02/2021|Sem contar o setor financeiro e empresas como Vale, Petrobras e Suzano,  maior lucro. Lucro das empresas subiu mais de 50% mesmo com guerra, “fecha  tudo” na...
Baker Hughes vai abrir planta de monitoramento remoto em Campinas|Valor Econômico|15/02/2021|Companhia fechou um contrato para prestar serviços para a Petrobras, com  duração de três anos. Por Gabriela Ruddy, Valor — Rio. 14/02/2021 12h12  Atualizado...
Conheça 37 postos de Goiânia que ainda vendem gasolina ...|Diário de Goiás|15/02/2021|Após anúncio da Petrobras, de terceira alta do preço da gasolina em 2021 e  segunda do diesel, é possível encontrar a gasolina comum, em alguns postos  de...
Investigados na Lava-Jato ampliam espaço e ganham influência com Bolsonaro|O Globo|15/02/2021|É réu em duas ações penais no STF. Uma delas o acusa de integrar uma  organização criminosa montada no partido PP para sangrar os cofres da  Petrobras, o “...
"Hacker diz que era fã da Lava Jato: ""mas me senti enganado"""|UOL Notícias|15/02/2021|... da força-tarefa da Operação Lava Jato disse que era um admirador da  investigação que apurava esquemas de corrupção envolvendo políticos e a  Petrobras.
'O Bem-Amado', primeira novela a cores do Brasil, chega ao streaming|Folha|15/02/2021|Em seu canal no YouTube, a Orquestra Petrobras Sinfônica celebra o carnaval  com obras de um dos mais famosos sambistas cariocas. ... Rio Open DOC. Com  a edição...
Altas recentes da gasolina não têm relação com ICMS, destaca Pacobahyba|Diario do Nordeste|16/02/2021|Legenda: A Petrobras havia anunciado o reajuste justamente na última quinta  (18). Nesta sexta (19), o preço da gasolina no posto Planalto passou de R$  5,23 para...
Municípios já dão auxílio emergencial em ao menos 14 estados|Exame|16/02/2021|Petrobras gasta R$ 1,3 milhão cada vez que governo troca seu presidente.  Petrobras recebe documentos e já analisa nome de Paes de Andrade. Economia.
Feirenses podem pagar até R$ 82 no preço do gás de ...|Acorda Cidade|16/02/2021|"Como a Petrobras passou esse aumento para as refinarias, elas nos passaram  e agora temos que passar para os clientes"", disse ao Acorda Cidade."
Refinaria da Petrobras no Paraná registrou princípio de ...|Dinheiro Rural|17/02/2021|A Refinaria Presidente Getúlio Vargas (Repar), unidade da Petrobras  localizada em Araucária (PR), registrou um princípio de incêndio na  madrugada do último...
Petróleo tem preço mais alto em 13 meses; Petrobras perde ...|Monitor do Mercado|17/02/2021|Os preços do petróleo subiram cerca de 5% na semana passada, o que fez a  cabeça dos investidores da Petrobras girar, uma vez que as ações da estatal  não...
É possível a política reduzir o preço dos combustíveis? Deputados e especialistas comentam|Diario do Nordeste|17/02/2021|De acordo com a Petrobras, essa fatia representa cerca de 45% do preço  final para o consumidor. O ICMS é o principal tributo cobrado pelos estados.
Lava Jato prendeu Lula, apoiou eleição de Bolsonaro e integrou governo, diz Gilmar Mendes|BBC|17/02/2021|BBC News Brasil - Agora, para além da discussão dos métodos, existem  evidências que mostram a existência de um grande esquema de corrupção na  Petrobras com...
Correção: Refinaria da Petrobras no PR registrou incêndio na ...|ISTOÉ DINHEIRO|18/02/2021|A Refinaria Presidente Getúlio Vargas (Repar), unidade da Petrobras  localizada em Araucária (PR), registrou um princípio de incêndio na  madrugada do último...
É falso que Bolívia não pagou por refinarias da Petrobras que ...|Lupa|18/02/2021|A justificativa foi de que a Petrobras havia lucrado US$ 320 milhões acima  do que a lei boliviana permitia. Quando adquiriu as duas unidades, em 1999,  a...
Qual é a solução para reduzir o preço da gasolina? Confira análise de especialistas|Diario do Nordeste|18/02/2021|A Petrobras já operou, este ano, três reajustes no preço da gasolina  vendida nas refinarias e o preço ao consumidor teve sucessivas altas nas  últimas semanas.
Petróleo em alta deve elevar ainda mais os preços de combustíveis|Correio Braziliense|18/02/2021|As duas variáveis compõem a política de preços da Petrobras. Como as  mudanças nos impostos propostas pelo governo federal podem não ter efeito  na redução de...
Ações da Embraer saltam 14% após fala de CEO da Lufthansa; PetroRio dispara quase 10% e Petrobras avança 4%|InfoMoney|18/02/2021|Os ratings da Petrobras são ligados aos ratings soberanos do Brasil, por  causa da grande participação do governo na companhia e seu controle  potencial, bem como...
Roraima é um dos cinco estados com o botijão mais caro do ...|Folha de Boa Vista|18/02/2021|Em janeiro, a Petrobras anunciou que vai elevar em 6% o preço do gás  liquefeito de petróleo (GLP), conhecido como gás de cozinha.
Lava-Jato teve 150 investigações arquivadas por falta de provas|Valor Econômico|18/02/2021|Investigação que cercou esquema de corrupção na Petrobras conduziu  apurações que não chegaram a resultados. Por André Guilherme Vieira — De  São Paulo.
TCU e o diálogo competitivo na nova Lei de Licitações|JOTA|18/02/2021|Nestor Cerveró, ex-diretor da Petrobras, foi condenado no TCU pela compra  da refinaria de Pasadena. Foto: (Wilson Dias/ Agência Brasil).
ConJur - Ao menos 150 investigações lavajatistas foram ...|Consultor Jurídico|18/02/2021|... teve quase tantas derrotas quanto vitórias no Supremo Tribunal Federal  desde que a investigação de corrupção na Petrobras foi deflagrada em 2014.
Extinção de fábrica de chips do governo deve gerar economia de R$ 70 mi|Exame|18/02/2021|Em acerto com Congresso, Economia dá sinal verde a bolsa-caminhoneiro. Teto  do ICMS e demissão na Petrobras são destaques da semana. Brasil.
Bolsonaro zera imposto federal do diesel e ameaça ...|UOL Economia|19/02/2021|Após novo reajuste da Petrobras, o presidente Jair Bolsonaro anunciou nesta  quinta-feira, 18, que a partir de 1º de março não haverá qualquer imposto...
Bolsonaro critica Petrobras após reajuste de combustíveis e diz que “alguma coisa vai acontecer nos próximos dias”|InfoMoney|19/02/2021|SÃO PAULO – Após a Petrobras (PETR3; PETR4) anunciar na manhã desta  quinta-feira (18) um novo reajuste no preço da gasolina e do diesel, o  presidente Jair...
Bolsonaro reclama de preço dos combustíveis e diz que 'alguma coisa vai acontecer na Petrobras nos próximos dias'|Valor Investe|19/02/2021|Pressionado por mais um aumento no preço dos combustíveis pela Petrobras, o  presidente Jair Bolsonaro anunciou há pouco que, a partir de 1º de março,...
Petrobras anuncia reajuste de 10,2% na gasolina e de 15% no diesel|Correio Braziliense|19/02/2021|Em 2021, a gasolina acumula alta de 34% e o diesel, de 27%, conforme a  Associação dos Engenheiros da Petrobras. O Sindicombustíveis-DF diz que,  desde sexta-...
Petrobras elevará em 15% preço do diesel na refinaria; gasolina subirá 10%|Forbes Brasil|19/02/2021|Petrobras elevará em 15% preço do diesel na refinaria; gasolina subirá 10%.  O diesel terá um aumento nas refinarias de em média R$ 0,34 por litro e a  gasolina...
Petrobrás volta a reajustar preços; gasolina já acumula alta de 34,8% no ano e o diesel, de 27,5%|Economia & Negócios|19/02/2021|RIO - A Petrobrás anunciou nesta quinta-feira, 18, o maior reajuste de  preços de combustíveis do ano. O óleo diesel vai ficar 15,2% mais caro a  partir desta...
Petrobras vendeu refinaria na Bahia por metade do preço, diz estudo|iG Economia|19/02/2021|Petrobras vendeu refinaria na Bahia por metade do preço, diz estudo.  Segundo cálculos, Refinaria Landulpho Alves (Rlam) está avaliada entre US$  3 bilhões e US$...
ANP mostra que produção de petróleo e gás da Petrobras tem alta de 8,1% em janeiro de 2021|CPG Click Petroleo e Gas|19/02/2021|Em janeiro, a Petrobras produziu 2,140 milhões de barris de petróleo por  dia e 97,878 milhões de metros cúbicos de gás natural por dia. Na  comparação com...
Bolsonaro zera imposto federal do diesel e do gás de cozinha|Noticias R7|19/02/2021|Após novo reajuste da Petrobras, o presidente Jair Bolsonaro anunciou nesta  quinta-feira (18) que a partir de 1º de março não haverá qualquer imposto...
Valor da gasolina aumenta e postos de combustível iniciam ...|FDR|19/02/2021|Além disso, o clima de instabilidade política brasileira reflete  diretamente nas ações da Petrobras que consequentemente faz reajuste nos  preços.
Bolsonaro indica Joaquim Silva e Luna para presidência da Petrobras|Agência Brasil|20/02/2021|O presidente Jair Bolsonaro anunciou na noite desta sexta-feira (19) a  indicação de novo nome para a presidência da Petrobras. Em postagem nas  redes sociais...
Bolsonaro anuncia indicação de general Joaquim Silva e Luna para assumir presidência da Petrobras|G1|20/02/2021|"""O governo decidiu indicar o senhor Joaquim Silva e Luna para cumprir uma  nova missão, como conselheiro de administração e presidente da Petrobras,  após o..."
Bolsonaro anuncia general como novo presidente da Petrobras|BBC|20/02/2021|O presidente Jair Bolsonaro anunciou na noite de sexta-feira (19/02) a  substituição de Roberto Castello Branco, presidente da Petrobras, pelo  general...
Gasolina tem alta de 34% no ano; o que a privatização da ...|Brasil de Fato|20/02/2021|Esta semana a Petrobras anunciou um novo reajuste no preço dos  combustíveis. Foi o quarto do ano para a gasolina, que acumula alta de  34,7%, e o terceiro...
Entenda o aumento no preço da gasolina|Folha PE|20/02/2021|Petrobras anunciou a quarta alto no valor do combustível somente em 2021  ... O quarto aumento de gasolina no ano, anunciado pela Petrobras nesta  quinta-feira (18)...
Com mais um aumento, preços do diesel e da gasolina disparam em BH|Estado de Minas|20/02/2021|Petrobras impõe o quarto aumento na gasolina e o terceiro no diesel dentro  deste ano. Bolsonaro reage com mudanças na tributação e intervenção na  estatal...
Bolsonaro demite presidente da Petrobras e indica general da reserva para o cargo|Noticias R7|20/02/2021|O presidente Jair Bolsonaro demitiu o presidente da Petrobras, Roberto  Castello Branco. A decisão acontece depois dos sucessivos aumentos nos  preços dos...
Brasileiro precisa entender que Petrobras não pode ser a única responsável por preço, diz especialista|Exame|20/02/2021|A pressão do presidente Jair Bolsonaro sobre a Petrobras e sobre seu  comandante, Roberto Castello Branco, é uma consequência da pressão popular  sobre o...
Governo indica Francisco Ferreira como diretor brasileiro da Itaipu|Agência Brasil|20/02/2021|A Petrobras também esclareceu que Roberto Castello Branco e os demais  diretores executivos da empresa têm mandato até 20 de março de 2021.  Edição: Fábio...
Petrobras não tem um presidente militar desde 1988|O Globo|20/02/2021|RIO - A decisão do presidente Jair Bolsonaro de substituir o atual  presidente da Petrobras, Roberto Castello Branco, pelo general Joaquim  Silva e Luna traz...
General Luna deve manter atual política de preços da Petrobras|CNN Brasil|21/02/2021|flipboard. Ouvir notícia. Indicado pelo governo federal para a presidência  da Petrobras, o general Joaquim Silva e Luna afirmou a interlocutores que  vai manter...
Após intervir na Petrobras, Bolsonaro diz que gasolina poderia estar 15% mais barata|Folha|21/02/2021|Após intervir na Petrobras, Bolsonaro diz que gasolina poderia estar 15%  mais barata. Presidente criticou órgãos, como a ANP, e apesar da troca no  comando da...
Conselho da Petrobras é formado em sua maioria por nomes escolhidos pelo governo|G1|21/02/2021|A indicação pelo presidente Jair Bolsonaro do general Joaquim Silva e Luna  para a presidência da Petrobras vai ter que passar pelo Conselho de  Administração...
Petrobras (PETR4): analistas demonstram preocupação com mudança no comando|Suno|21/02/2021|A notícia da demissão do presidente da Petrobras (PETR4), Roberto Castello  Branco, é vista com preocupação por agentes do mercado financeiro.
Sucessão na Petrobras: saiba quem são os conselheiros que vão avaliar indicação de Silva e Luna para a presidência da estatal|G1|21/02/2021|O Conselho de Administração da Petrobras, que irá avaliar a indicação do  general da reserva do Exército como novo presidente da estatal, tem dois  militares da...
Por que o preço do etanol sobe quando a gasolina aumenta?|Autoesporte|21/02/2021|A Petrobras aumentou o preço médio que os distribuidores terão que pagar à  refinaria para comprar gasolina e diesel – foi o quarto reajuste de 2021.
Bolsonaro volta a atacar a Petrobrás|VEJA|21/02/2021|O presidente Jair Bolsonaro anunciou a decisão de trocar o comando da  Petrobrás, indicando para o posto o general Joaquim Silva e Luna,  presidente da Itaipu...
'Semana que vem teremos mais', diz Bolsonaro sobre ...|ISTOÉ Independente|21/02/2021|Em referência à indicação para troca de comando na Petrobras, Bolsonaro  disse que, como governante, precisa “trocar as peças que, porventura,...
Petrobras (PETR4) caindo? Não posso ignorar o 'tapa na cara ...|Seu Dinheiro|21/02/2021|Mas só a tentativa de trocar o CEO da Petrobras é um tapa na cara do  investidor brasileiro, especialmente, do acionista da estatal. Eu não sou  comentarista de...
Bolsonaro tem prerrogativa para nomear militares, diz Pacheco|Noticias R7|21/02/2021|Presidente anunciou intenção de tirar Roberto Castello Branco da  presidência da Petrobras e colocar general Joaquim Silva e Luna...
‘Não há mais como defender. Rebaixamos para venda’, diz XP sobre Petrobras|CNN Brasil|22/02/2021|Rebaixamos para venda', diz XP sobre Petrobras. Troca de comando na estatal  gera mais incertezas em torno dos investimentos em suas ações, dizem  analistas em...
XP rebaixa para venda recomendação para as ações da Petrobras após anúncio de troca de comando|InfoMoney|22/02/2021|A XP rebaixou a recomendação das ações da Petrobras (PETR3;PETR4) para  “venda”, de “neutro” anteriormente, revisando, ao mesmo tempo, o preço-alvo  do papel...
Petrobras pode ser investigada por mudança de comando abrupta|VEJA|22/02/2021|Petrobras pode ser investigada por mudança de comando abrupta. Anúncio de  Bolsonaro da troca do presidente-executivo reflete diretamente no valor das  ações da...
Princípio de incêndio atinge plataforma P-48 da Petrobras em Campos|G1|22/02/2021|O colaborador que realizava o trabalho teve queimaduras leves e foi mandado  para casa. Plataforma da Petrobras P-48, que pegou fogo neste sábado (20)  —...
Com venda de refinarias, pressão para Petrobras controlar combustível pode ser menor|Exame|22/02/2021|Ao dividir a responsabilidade do refino de combustíveis no Brasil com  outros players e abrir mão de seu monopólio de 98% sobre o setor, a  Petrobras poderia...
Petrobras: gestora inglesa de US$ 560 bi faz alerta ao conselho e pede independência|Exame|22/02/2021|A mensagem acima foi encaminhada ao presidente do conselho de administração  da Petrobras, Eduardo Bacellar Leal Ferreira, e demais membros pela gestora  de...
Petrobras: Salim Mattar aponta truculência e diz que governo ...|DomTotal|22/02/2021|Petrobras: Salim Mattar aponta truculência e diz que governo Bolsonaro  perdeu o foco. Secretário de Desestatização e Privatização diz que Paulo  Guedes não...
‘Vamos meter o dedo na energia elétrica’, diz Bolsonaro um dia depois de anunciar troca no comando da Petrobras|Click Guarulhos|22/02/2021|Um dia depois de anunciar a troca no comando da Petrobras, com a indicação  do general da reserva Joaquim Silva e Luna para o lugar do atual presidente  da...
Petrobras: política de preço da era Dilma custou R$ 100 bi, mais que toda Lava-Jato|Exame|22/02/2021|O que gerou mais perdas para a Petrobras, as obras megalômanas (e  superfaturadas) que estiveram no coração da Operação Lava-Jato ou a  política de contenção...
Brasil se prepara para turbulência puxada por Petrobras enquanto mercados globais acumulam alta|El País|22/02/2021|Brasil se prepara para turbulência puxada por Petrobras enquanto mercados  globais acumulam alta. Nas bolsas mundiais, petróleo atinge as maiores  cotações nos...
Troca de comando na Petrobras: veja perguntas e respostas|G1|23/02/2021|Troca de comando na Petrobras: veja perguntas e respostas. Presidente  indicou general da reserva para assumir a estatal depois de demonstrar  irritação com a...
Ingerência na Petrobras sela fim do casamento de conveniência entre Bolsonaro e o mercado financeiro|El País|23/02/2021|As palavras do presidente Jair Bolsonaro garantindo que não vai intervir  nos preços da Petrobras após indicar abruptamente um novo comando para  estatal na...
Castello Branco deve cumprir mandato na Petrobras até o fim|CNN Brasil|23/02/2021|O atual presidente da Petrobras, Roberto Castello Branco, deve cumprir seu  mandato até o final no dia 20 de março. Enquanto isso a estatal vai  convocar um...
Bovespa cai quase 5% com intervenção na Petrobras; ações da estatal recuam em 20%|G1|23/02/2021|Foi a segunda maior queda diária em valor da mercado da Petrobras desde o  início do plano Real. Na sexta-feira, a petroleira já tinha encolhido...
Petrobras, BB e Eletrobras perdem R$ 87,3 bilhões em valor ...|Poder360|23/02/2021|A Petrobras, o BB (Banco do Brasil) e a Eletrobras perderam R$ 87,3 bilhões  em valor de mercado nesta 2ª feira (22.fev.2021) em repercussão à saída  de...
Após decisão de Bolsonaro, Petrobras despenca 19%; Bovespa cai mais de 5%|iG Economia|23/02/2021|Após decisão de Bolsonaro, Petrobras despenca 19%; Bovespa cai mais de 5%.  Depois do anúncio da troca de presidente, a estatal sofre forte queda na  bolsa de...
Petrobras: pontos fortes da atual gestão podem se tornar riscos|Exame|23/02/2021|Para Duarte, um dos pontos que passava confiança a investidores e analistas  na gestão do presidente Roberto Castello Branco na Petrobras era a busca  pela...
Petrobras já perdeu um Banco do Brasil em valor de mercado. E agora?|Você SA|23/02/2021|A Petrobras, porém, também domina a indústria de refino. Das 17 refinarias  de combustível do país, que transformam óleo cru e gasolina diesel e tudo o  mais, 13...
Após Petrobras, Bolsonaro pressiona para baratear conta de luz; entenda|iG Economia|23/02/2021|Após intervenção política na Petrobras , o presidente Jair Bolsonaro mira  agora no setor de energia elétrica e pressiona as equipes dos ministérios  da...
Não é só na Petrobras: Onde Bolsonaro já interferiu|Valor Econômico|23/02/2021|Em outro caso envolvendo a estatal, Bolsonaro defendeu publicamente em 2019  que a Petrobras rompesse contratos com o escritório de advocacia do  presidente da...
"Bolsonaro diz que novo presidente da Petrobras vai ""arrumar"" empresa"|UOL Economia|24/02/2021|O presidente Jair Bolsonaro (sem partido) voltou a negar ter interferido na  gestão da Petrobras após anunciar que trocaria o diretor-presidente da  estatal,...
Petrobras privilegia acionistas em relação a interesse da ...|Brasil de Fato|24/02/2021|Leia a entrevista na íntegra abaixo: Brasil de Fato: Como o senhor vê a  troca da gestão da Petrobras de Roberto Castello Branco para o general  Joaquim Silva e...
Troca de comando na Petrobras: Bolsonaro repete ...|BBC|24/02/2021|As ações da Petrobras derreteram depois que o presidente Jair Bolsonaro  decidiu mudar o comando da empresa. Na noite de sexta-feira (19/02),...
Com 8% de participação na Petrobras, BNDES perdeu quase R$ 6 bilhões na 2ª feira|CNN Brasil|24/02/2021|Com 8% de participação na Petrobras, BNDES perdeu quase R$ 6 bilhões na 2ª  feira. Banco de investimentos possui uma fatia de 8% na estatal de  petróleo; JBS é a...
Ação da Petrobras pode subir quase 50% em 12 meses, diz banco suíço|CNN Brasil|24/02/2021|A recuperação parcial das ações da Petrobras nesta terça-feira (23)  acontece com a percepção de muitos investidores de que nem tudo está  perdido na estatal...
‘Política de preços da Petrobras está blindada’, diz conselheiro|CNN Brasil|24/02/2021|Um dos três conselheiros de administração eleitos por minoritários da  Petrobras, o advogado e ex-desembargador federal Leonardo Antonelli  considera que,...
Após crítica de Bolsonaro, Petrobras afirma que presidente e diretores não recebem reajuste desde 2016|G1|24/02/2021|A Petrobras informou nesta terça-feira (23) que o presidente e os diretores  executivos da estatal não recebem reajuste na remuneração fixa desde 2016 e  que...
Petrobras perde R$ 100 bilhões em valor de mercado|DW|24/02/2021|Como a Petrobras é listada em Bolsa de Valores, uma decisão como essa deve  ser comunicada ao público por meio de fato relevante, o que não aconteceu.
Quatro crises que abalaram a Petrobras (e o que aconteceu com as ações em cada uma)|InfoMoney|24/02/2021|SÃO PAULO – Ao longo dos anos, as ações da Petrobras – que estão entre as  mais negociadas da bolsa brasileira – se tornaram algumas das mais  conhecidas...
Salário do presidente da Petrobrás está dentro da realidade|Terra|24/02/2021|Salário do presidente da Petrobrás está dentro da realidade. Remuneração  dos presidentes das principais empresas da Bolsa foi de R$ 11,3 milhões ao  ano em 2019.
Lucro da Petrobras no 4º trimestre de 2020 avança sete vezes|Valor Econômico|25/02/2021|A Petrobras registrou lucro de R$ 59,890 bilhões no quarto trimestre de  2020, informou a companhia na noite desta quarta-feira (24). O resultado é  sete...
Lucro no 4º tri, mas prejuízo em 2020: o que esperar do balanço da Petrobras|CNN Brasil|25/02/2021|Esqueça os problemas pelos quais a Petrobras passou nesta última semana.  Para o balanço financeiro que será divulgado após o fechamento do mercado  nesta...
Petrobras tem lucro recorde de R$59,9 bi no 4º tri com reversão de baixa contábil|UOL Economia|25/02/2021|Por Marta Nogueira e Roberto Samora. RIO DE JANEIRO (Reuters) - A Petrobras  teve lucro líquido recorde de 59,9 bilhões de reais no quarto trimestre do  ano...
Venda de negócios, pré-sal e corte de custos até no cafezinho, as marcas de Castello Branco na Petrobras|O Globo|25/02/2021|Castello Branco assumiu a Petrobras em janeiro de 2019 com a experiência de  quem já havia integrado o Conselho de Administração da estatal e a  indicação do...
Petrobras diz a distribuidoras que não atenderá toda demanda de diesel em março|CNN Brasil|25/02/2021|Petrobras diz a distribuidoras que não atenderá toda demanda de diesel em  março. Importação total de diesel caiu quase 8%, uma vez que o preço da  estatal não...
Conselho de Administração da Petrobras aprova dividendos no valor de R$ 10,3 bilhões|InfoMoney|25/02/2021|SÃO PAULO – A Petrobras (PETR3;PETR4) comunicou nesta quarta-feira (24) que  seu Conselho de Administração aprovou a remuneração aos acionistas sob a  forma...
Petrobrás: muda diretoria, mas desmonte continua|Outras Palavras|25/02/2021|Petrobrás: muda diretoria, mas desmonte continua. Em mapa, as principais  refinarias, os campos de produção e o sistema de transporte de petróleo no  país —...
Paulo Guedes: 10 casos em que o ministro foi 'escanteado' antes da intervenção na Petrobras|BBC|25/02/2021|A decisão do presidente Jair Bolsonaro (sem partido) de trocar o comando da  Petrobras, numa tentativa de conter a escalada dos preços dos  combustíveis,...
A entrega do BC e da Petrobras ao capital financeiro ...|Poder360|25/02/2021|Há uma interligação política evidente entre a aprovação da independência do  BC e o desmonte da Petrobras e privatização de várias de suas atividades  e...
"Artigo | A Petrobras e o lucro do acionista: o que está por trás ..."|Brasil de Fato|25/02/2021|A Petrobras enseja, no seu âmago, uma contradição fundamental. Ao mesmo  tempo em que foi criada para ser uma empresa estatal e exercer o monopólio  da...
De saída da presidência da Petrobras, Castello Branco faz teleconferência com aviso: 'mind the gap'|G1|26/02/2021|"De saída da presidência da Petrobras, Castello Branco faz teleconferência  com aviso: 'mind the gap'. Executivo vestiu camiseta com a frase ""mind the  gap"", que..."
Presidente da Petrobras manda recado a Bolsonaro em entrevista|Exame|26/02/2021|Em sua primeira aparição pública após o anúncio de que será destituído do  cargo, o presidente da Petrobras, Roberto Castello Branco, se apresentou em  uma...
Em tom de despedida, presidente da Petrobras exalta resultados e explica camisa|CNN Brasil|26/02/2021|Em tom de despedida, presidente da Petrobras exalta resultados e explica  camisa. Roberto Castello Branco afirma que 'mind the gap', expressão que  significa '...
Petrobras surpreende com lucro recorde de R$ 59,9 bi no 4º tri de 2020, no último balanço de Castello Branco|O Globo|26/02/2021|RIO e SÃO PAULO -A Petrobras registrou lucro líquido de R$ 59,89 bilhões no  quarto trimestre de 2020, informou a companhia em balanço financeiro  divulgado...
Petrobras registra maior lucro líquido trimestral da história ...|E-Investidor|26/02/2021|A Petrobras assumiu a primeira posição dos maiores lucros da história de  uma empresa brasileira. Em termos nominais (sem o ajuste pela inflação),...
Lucro da Petrobras é maior da história entre empresas de capital aberto no país|CNN Brasil|26/02/2021|O resultado registrado pela Petrobras no quarto trimestre de 2020 foi o  maior lucro trimestral da história das empresas de capital aberto no  Brasil,...
Vale a pena comprar ações da Petrobras, PETR3 e PETR4, após lucro no 4º trimestre?|Valor Investe|26/02/2021|Na visão de analistas da XP Investimentos, independentemente da  interpretação do mercado sobre os resultados da Petrobras no quarto  trimestre, é importante que...
PetroRecôncavo compra mais 12 campos da Petrobras na ...|EPBR|26/02/2021|A Petrobras anunciou que fechou com a SPE Miranga, controlada pela  PetroRecôncavo, a venda dos nove campos terrestres que fazem parte do Polo  Miranga,...
Petrobras (PETR4) tem o maior lucro da história entre empresas de capital aberto|Eu Quero Investir|26/02/2021|Pesquisa realizada pelo Instituto Brasileiro de Relações com Investidores  (IBRI) informa que o lucro da Petrobras (PETR3, PETR4) no quarto trimestre  de 2020...
Petrobras: Térmica no GasLub poderia participar de leilões de ...|Portos e Navios|26/02/2021|A Petrobras está em fase preliminar de estudos sobre a possibilidade de  construir uma térmica no Gaslub, polo de lubrificantes localizado no antigo  Complexo...
'Não há exagero no preço dos combustíveis', crava presidente demitido da Petrobras|Correio Braziliense|27/02/2021|Demitido da presidência da Petrobras, Roberto Castello Branco rebate  críticas do presidente da República e defende paridade do diesel e da  gasolina com as...
Nova fala de Bolsonaro desanima investidores após lucro recorde da Petrobras|CNN Brasil|27/02/2021|O balanço da Petrobras divulgado na quarta-feira (24) colocou a estatal de  volta no centro dos debates. Com lucro recorde de quase R$ 60 bilhões no  segundo...
Crise na Petrobras detona fuga histórica de capital externo|Valor Econômico|27/02/2021|E pelo movimento de ontem no mercado, o risco é de que o fluxo negativo se  aprofunde. O Ibovespa caiu 2,95%, a R$ 112.256 pontos, enquanto as ações de  Petrobras...
Petrobras: Bolsonaro confrontou Guedes e minou imagem liberal do governo|VEJA|27/02/2021|A decisão explosiva de Jair Bolsonaro de trocar o presidente da Petrobras,  na sexta-feira 19, calou fundo no ministro. Roberto Castello Branco não  apenas...
Petrobras: Guedes alertou Bolsonaro que “daria merda”, diz revista|Metrópoles|27/02/2021|Petrobras: Guedes alertou Bolsonaro que “daria merda”, diz revista. Segundo  a Veja desta semana, o presidente ignorou seu ministro da Economia sob  alegação de...
'O senhor está me dando um tiro”, diz Guedes a Bolsonaro em conversa vazada|iG Economia|27/02/2021|O ministro da Economia teme pela reação do mercado ao intervencionismo do  presidente na Petrobras. “O senhor está entrando na política econômica”,...
Após resultado recorde, Petrobras repassa R$ 2,9 bi à União, o suficiente para 220 milhões de doses de vacina|O Globo|27/02/2021|Recursos repassados por estatais ao controlador (em R$ bilhões). Com lucro  acima do esperado no quarto trimestre do ano passado, de R$ 59,9 bilhões, a  Petrobras...
Opinião: Petrobras e sua política de preços: uma solução para o impasse|Valor Investe|27/02/2021|A atual política de preços praticada pela Petrobras vem desde o final de  2016 e, segundo ela, os reajustes são baseados na paridade com o mercado  internacional,...
Produção da Petrobras cresce 5% em janeiro ante a média do 4º tri|Forbes Brasil|27/02/2021|Produção da Petrobras cresce 5% em janeiro ante a média do 4º tri. A  companhia reduziu seu custo em 33% em 2020, devido à depreciação do real  frente ao dólar,...
Entre executivos, salário do presidente da Petrobras é fichinha|Monitor Mercantil|27/02/2021|O impasse envolvendo o presidente Jair Bolsonaro e a Petrobras nesta semana  trouxe à tona um aspecto muito ignorado pelos investidores.
Petrobras vive uma semana de pesadelo pela ingerência de Bolsonaro|El País|28/02/2021|A Petrobras viveu uma semana muito turbulenta. A tempestade começou na  quinta-feira (18) durante a live semanal que o presidente, Jair Bolsonaro,  faz pelo...
Intervenção de Bolsonaro na Petrobras custou cerca de 400 bilhões de reais|VEJA|28/02/2021|A intervenção de Jair Bolsonaro na Petrobras teve um preço elevado.  Insatisfeito com a alta do preço do diesel, o presidente decidiu trocar o  comando da...
Petrobras: uns choram, outros vendem lenços|Seu Dinheiro|28/02/2021|Petrobras: uns choram, outros vendem lenços. O tapa na cara que o  investidor levou do governo Bolsonaro foi o assunto da semana passada. 27  de fevereiro de 2021.
Preço do litro da gasolina em Manaus bate recorde e ...|Amazonas Atual|28/02/2021|O ATUAL esteve em três postos de combustíveis na manhã deste sábado, 27,  dois da Petrobras e um da Shell, e conferiu que o preço da gasolina comum  está em...
‘Empresas podem contribuir em política pública não só na sua área', diz Bento Albuquerque|O Globo|28/02/2021|BRASÍLIA - Uma semana após o presidente Jair Bolsonaro anunciar a troca de  comando na Petrobras, o ministro de Minas e Energia, Bento Albuquerque,...
Petrobras pode concretizar venda da UFN3 em março|Correio do Estado|28/02/2021|Petrobras pode concretizar venda de fábrica de fertilizantes em março ; A  novela da venda da Unidade de Fertilizantes Nitrogenados III (UFN3) pode  ter um fim...
É #FAKE que vídeo mostre posto com gasolina a R$ 2,62 no Paraguai em 2021|G1|28/02/2021|Circula pelas redes sociais um vídeo que mostra um posto de combustível com  logotipo da Petrobras vendendo gasolina aditivada a R$ 2,62 no Paraguai.
Petrobras vendeu ontem (26/02) por 32,97 milhões de reais um complexo de quatro parques eólicos no Nordeste brasileiro|CPG Click Petroleo e Gas|28/02/2021|Petrobras vendeu ontem (26/02) por 32,97 milhões de reais um complexo de  quatro parques eólicos no Nordeste brasileiro · Petrobras se desfaz de mais  ativos no...
Após novo reajuste, preço da gasolina em Manaus ultrapassa R$ 5 e dirigentes temem mais aumento|G1|28/02/2021|"""Infelizmente, até o dia 3 de março, a Petrobras deve anunciar mais um  aumento. E tem horas que o posto não consegue mais segurar. E isso é ruim  para o..."
Entrevista: Como Ruy Hungria conseguiu lucro de 1.250 ...|Seu Dinheiro|28/02/2021|Os papéis da Petrobras apanharam com a indicação de um novo presidente para  a estatal por Jair Bolsonaro. O mercado teve um momento de pânico no início  da...
